src/data/model/data/constants/thames_tio2_2015/dem.grd
ncols         180
nrows         290
xllcorner     -200000
yllcorner     -200000
cellsize      5000
NODATA_value  -9999
[rows 175 to 209 of 290, columns 79 to 157 of 180]
-9999 -9999 -9999 -9999 -9999 -9999 -9999 56 406 577 560 516 428 58 2294 5476 700 2757 2874 2250 1300 571 570 1664 2287 1025 139 68 374 165 271 1010 702 381 241 375 591 804 1440 1868 3792 4568 3334 3288 2300 1734 2367 1962 1160 883 1216 877 495 692 319 689 232 154 90 85 666 185 87 111 182 458 674 717 697 843 86 54 39 -9999 -9999 -9999 -9999 -9999 -9999
-9999 -9999 -9999 -9999 -9999 -9999 -9999 185 500 77 180 254 937 1910 7796 3875 46 3160 1457 3314 3012 1252 297 3228 1734 1844 776 79 115 330 173 659 771 616 469 305 656 842 1224 2424 3077 4970 2927 3457 3223 1163 1800 2781 1372 1287 1542 934 856 748 383 694 185 80 213 143 732 415 82 70 73 228 504 1053 460 143 118 38 45 -9999 -9999 -9999 -9999 -9999 -9999
-9999 -9999 -9999 -9999 -9999 -9999 -9999 -9999 -9999 40 292 1228 2677 6752 7028 3594 2813 2071 2864 3563 3680 3193 1593 796 3200 1662 1033 572 71 164 331 418 611 446 284 498 690 975 1304 2183 3091 3438 2645 2572 3349 2383 971 2906 1402 1459 1617 1170 1021 780 591 699 263 83 179 100 761 453 113 80 53 209 259 248 88 20 68 57 53 -9999 -9999 -9999 -9999 -9999 -9999
-9999 -9999 -9999 -9999 -9999 -9999 -9999 -9999 -9999 63 661 2657 3963 5525 5929 2143 787 2746 3838 4119 4121 2667 1601 627 3562 3093 1397 883 126 107 380 912 623 492 502 523 740 1041 1960 2442 1700 3990 2616 2677 3342 3333 2160 1654 1435 976 1723 1741 1084 810 420 380 161 144 130 99 261 445 172 106 61 71 84 57 46 60 20 28 41 -9999 -9999 -9999 -9999 -9999 -9999
-9999 -9999 -9999 -9999 -9999 -9999 -9999 -9999 -9999 424 1000 2440 2320 5341 3600 1742 2573 1535 2592 4071 3290 4089 2971 1299 2989 3402 2598 863 468 245 578 1098 933 578 506 534 907 1733 1877 1499 1423 2802 2397 2563 2323 1900 2061 2332 814 1363 1417 1156 1181 698 836 185 146 171 149 145 895 441 165 88 78 42 66 53 45 61 40 40 18 -9999 -9999 -9999 -9999 -9999 -9999
-9999 -9999 -9999 -9999 -9999 -9999 -9999 398 1486 4577 1624 2479 3154 1320 6075 4978 4557 3167 4552 3245 3305 2903 2367 3073 4501 3300 2434 954 418 118 904 945 719 652 460 745 1334 1461 1298 1923 2459 1242 3249 2847 1233 1890 1218 1157 1042 811 735 872 1190 774 255 666 184 184 256 319 942 403 147 118 72 72 35 50 52 50 36 12 18 -9999 -9999 37 42 45 53
-9999 -9999 -9999 -9999 -9999 -9999 282 153 2257 1588 793 1151 2171 1354 2344 3077 4636 4430 4935 3743 4343 1890 3411 2970 1096 1532 876 1063 637 294 852 966 929 697 789 1500 1157 1488 1292 1897 2125 1934 1553 921 1777 1486 1261 1289 1195 1092 482 913 694 309 213 217 222 372 294 391 932 412 100 114 80 52 47 35 44 34 8 21 -9999 -9999 183 429 571 211 153
-9999 -9999 -9999 -9999 -9999 429 393 407 405 206 40 404 245 738 1975 2810 4029 6985 3154 2337 2567 1509 4253 4437 3995 2014 1564 1252 1024 845 941 1190 955 1002 1013 1450 1593 1050 1158 2034 1730 1332 1282 1212 1424 879 961 732 727 982 731 428 226 250 490 248 291 434 505 522 1107 651 221 91 64 64 61 50 34 -9999 -9999 -9999 -9999 -9999 85 452 818 627 542
-9999 -9999 -9999 -9999 514 994 740 742 38 -9999 -9999 -9999 93 3453 3314 3617 4064 2979 2663 4545 3894 2500 6416 5989 3915 3800 2045 883 1077 1043 857 864 853 840 1098 886 1649 960 1003 1247 1399 1300 1334 706 767 702 634 541 476 367 309 286 380 563 469 340 601 757 926 704 935 681 493 86 67 72 49 31 40 38 35 -9999 -9999 39 117 377 592 494 572
-9999 -9999 -9999 772 570 1909 242 407 -9999 -9999 -9999 -9999 38 2392 3953 2143 4245 4088 3794 5474 6007 3684 5742 2290 2594 2187 1641 905 840 951 851 1021 1531 729 1079 1023 1030 1340 884 1053 807 1116 1466 1442 1432 714 445 449 363 601 389 457 672 651 1103 658 1433 1447 1385 944 888 715 453 82 80 59 31 41 51 55 42 40 41 64 324 607 752 537 421
-9999 -9999 -9999 436 692 -9999 901 664 -9999 -9999 -9999 -9999 71 2858 3335 1930 3244 2674 5786 5188 2545 4459 3490 2570 2819 1649 1039 690 1056 892 920 787 608 642 699 731 967 1120 858 763 872 1082 816 1127 1263 477 1169 1479 936 933 782 389 740 1126 1489 1174 980 1186 1457 1088 1018 725 442 91 61 55 51 44 39 35 37 48 59 68 356 235 703 688 688
-9999 -9999 -9999 -9999 -9999 -9999 -9999 -9999 -9999 -9999 -9999 -9999 237 2756 66 743 2581 5221 4391 4793 4818 2251 2639 3163 1546 1145 656 600 593 793 825 737 629 550 584 769 722 1021 1069 859 1774 1313 675 596 656 823 760 1322 1400 1084 1506 600 543 746 602 822 873 852 1310 1151 828 487 463 88 57 69 55 58 29 41 34 51 52 51 120 175 668 637 536
-9999 -9999 -9999 -9999 -9999 -9999 -9999 -9999 -9999 -9999 -9999 -9999 638 1227 3467 3818 2971 2900 2450 3800 2993 2656 1481 1200 2305 840 673 1456 1128 951 776 523 508 842 783 1294 1091 1103 1063 920 1675 1942 1174 728 543 698 765 1039 1219 1309 2174 1370 615 475 689 1254 1477 1542 1053 1154 815 443 232 86 74 74 63 44 11 12 28 16 38 52 95 91 511 631 911
-9999 -9999 -9999 -9999 -9999 -9999 -9999 -9999 -9999 -9999 -9999 -9999 1500 2090 1401 5312 2292 2665 3722 3881 2270 3889 2123 1403 2672 789 3638 1895 1061 1010 1458 854 701 1926 1775 1359 853 1056 1101 1027 1274 1464 1214 799 661 675 802 1045 963 1485 1293 942 818 654 1109 1550 1679 1571 899 845 600 493 303 83 79 66 48 38 33 35 42 13 17 187 205 157 317 528 392
-9999 -9999 -9999 -9999 -9999 -9999 -9999 -9999 -9999 -9999 -9999 -9999 328 1278 4648 1974 133 2232 2116 2907 3764 3592 2308 1739 1903 1262 1343 1850 2315 2179 1069 1100 1032 1202 1378 810 805 1069 1219 1471 1608 1317 1273 1034 818 684 677 816 865 1251 1315 1047 640 817 1464 1900 1546 1709 1284 931 470 806 318 306 97 90 9 24 32 54 68 15 26 342 276 89 161 525 535
-9999 -9999 -9999 -9999 -9999 -9999 -9999 -9999 -9999 -9999 -9999 -9999 132 2535 729 732 1857 2300 1691 4589 3514 4104 2634 1881 1041 1097 1773 3028 3563 4055 1518 2125 1457 1453 1016 374 750 1111 1199 1475 1300 1255 1721 1271 900 778 1234 713 896 1048 911 675 714 1029 1240 1211 1117 1065 712 644 823 747 98 88 93 58 36 -4 25 48 29 8 23 105 50 102 106 438 470
-9999 -9999 -9999 -9999 -9999 -9999 -9999 -9999 -9999 -9999 -9999 -9999 -9999 59 1600 3663 4680 5414 3030 3265 2566 1245 1530 1000 1657 1577 1260 2380 2143 3428 2209 1688 1465 1935 1625 620 1072 841 1030 1953 1300 1217 1002 1091 800 734 1510 1163 865 1135 964 828 1017 1255 1015 935 627 893 528 889 816 362 148 403 217 7 24 22 11 9 23 45 23 59 5 153 219 294 482
-9999 -9999 -9999 -9999 -9999 -9999 -9999 -9999 -9999 -9999 -9999 -9999 765 523 2670 3736 4589 5167 4688 3658 1824 1390 2170 3664 4017 4735 2535 1664 1750 2382 2520 1244 2612 2009 1730 1022 1299 831 876 1269 1968 1723 1245 980 836 834 1181 1181 1028 1074 1301 1317 1385 1462 1116 978 1447 1316 1103 870 916 419 400 625 125 26 12 65 40 23 32 28 17 60 6 66 56 112 259
-9999 -9999 -9999 -9999 -9999 -9999 -9999 -9999 -9999 -9999 -9999 -9999 517 540 2338 3687 4043 4189 3683 2423 3131 5505 4139 4339 3905 2800 1968 2110 2268 1370 1365 1777 2227 2020 1823 976 1405 704 931 1720 1292 1565 1565 1206 1050 926 1215 1204 875 1056 1011 998 1439 1187 1648 1222 1530 984 992 923 534 418 690 625 102 13 124 31 14 26 8 33 68 25 30 248 394 454 114
-9999 -9999 -9999 -9999 -9999 -9999 -9999 -9999 -9999 -9999 -9999 -9999 1442 1508 2102 2556 3271 5299 4964 4265 2998 3633 4273 5019 4800 2863 3345 3715 1541 2289 938 1289 2146 2836 1101 1365 261 349 851 1198 2554 1737 1653 1396 1176 1030 1117 1005 799 933 909 925 986 1635 1662 1539 1626 1038 792 647 416 546 748 509 234 404 191 239 78 42 63 99 27 27 41 101 522 521 533
-9999 -9999 -9999 -9999 -9999 -9999 -9999 -9999 -9999 -9999 -9999 901 1168 1579 769 1961 3107 5409 4200 4549 2760 3866 3751 2900 3102 3341 3171 1814 1313 1365 2743 1321 1109 1301 1084 1648 1122 475 611 1195 1205 1289 1677 1453 1185 1156 910 542 881 1041 1140 919 1281 1688 1590 1105 944 1343 729 877 362 716 698 250 165 215 71 97 68 66 78 77 11 88 114 334 152 273 410
-9999 -9999 -9999 -9999 -9999 -9999 -9999 -9999 -9999 -9999 597 1113 1786 3278 2266 1773 4073 4400 4968 4923 1988 2405 2294 3036 3492 2360 1999 2783 1978 1265 1134 809 921 1018 1252 930 771 630 467 499 941 1125 903 1132 934 1129 740 814 831 679 738 922 1433 1343 1201 914 1102 1109 915 423 732 715 688 601 315 164 170 111 82 72 68 78 52 139 221 382 463 393 546
-9999 -9999 -9999 -9999 -9999 -9999 -9999 -9999 -9999 903 1417 1851 2523 1816 1585 3233 4862 4806 3541 4063 2371 3232 2868 2283 5559 2645 2765 1501 1588 964 1093 1068 1861 1209 2032 1043 1089 374 300 493 655 843 733 814 1031 1084 439 714 812 916 996 1141 1443 918 1351 935 953 547 470 928 1021 635 715 560 171 498 557 393 288 200 90 91 311 376 687 768 825 773 413
-9999 -9999 -9999 -9999 -9999 -9999 -9999 1376 1402 1095 1223 637 783 1554 2214 4091 4633 5303 5424 4493 3126 1593 3269 2967 4152 2600 1726 1779 1034 994 692 1191 1912 1583 1457 692 526 283 344 755 617 825 493 531 750 484 429 651 1254 1234 1531 1769 1412 1138 772 671 939 1114 831 908 485 811 656 397 135 261 611 605 494 122 90 114 336 904 1001 838 1219 1039 690
-9999 -9999 -9999 484 858 1225 989 2295 2431 2518 2866 1732 1669 1672 4009 3403 4547 4424 4327 2606 2000 1472 2194 2070 5071 3748 2560 1350 1398 1080 1889 646 1557 1635 1332 786 477 122 669 516 295 691 348 443 357 533 824 1214 927 1311 1180 1366 1759 1539 1379 1206 1237 1137 854 618 854 305 288 261 186 538 602 657 317 109 238 482 1010 1049 784 1134 611 841 888
-9999 -9999 480 1000 557 1256 1206 1313 2078 2180 2226 1513 1121 2867 3244 3849 2683 5010 3138 1954 4605 3381 1154 4411 3234 2468 706 678 844 2330 866 621 719 912 1786 1048 1109 395 375 239 246 744 542 480 520 685 1115 1224 2145 1147 1029 1232 1593 1137 1138 803 793 1052 839 936 569 292 289 532 264 380 454 223 166 198 319 477 731 1113 1073 1010 804 759 663
399 715 1382 1456 543 391 612 1511 1413 1929 1503 1871 3783 2783 2175 3908 993 3142 2961 4422 3628 3892 3095 2564 2067 817 2936 2445 619 862 649 509 717 642 664 1291 1113 231 184 151 454 352 378 602 1771 892 1121 1147 1374 1144 1036 1323 1601 1475 1536 1162 702 737 591 979 840 394 784 663 383 527 482 364 510 533 497 649 793 1102 701 583 694 456 605
680 1681 922 893 1490 939 905 2010 1533 1898 1760 3145 2816 1930 2000 2562 1845 2017 3697 3891 3164 2630 3463 2366 1151 2729 3419 2039 2042 751 963 589 991 1694 673 1358 680 151 128 303 1349 447 642 2374 1133 953 975 1334 1605 1048 1159 1287 1089 1300 1317 1050 814 883 689 791 941 815 554 440 400 472 704 1231 1024 1274 935 482 1102 1044 1057 866 711 700 488
898 2329 3860 3630 3062 1408 2212 2937 2462 2265 3266 2127 1845 2919 1574 893 1900 1833 3200 3196 3368 2500 2632 2217 2513 6632 3943 2199 984 1156 921 1727 612 1011 491 380 375 337 154 181 586 673 1900 2322 1796 1288 1077 2304 1375 1160 1277 908 1289 1216 1141 751 1250 1112 825 1427 1273 732 606 632 570 886 1335 1433 1193 1350 1015 703 1118 1107 835 900 796 799 710
1187 1888 1975 1735 1147 2089 1342 2384 1105 1457 2762 2193 1413 1966 750 985 3078 3503 3207 2055 3205 1477 1487 1562 4380 5252 4952 1262 1744 1580 1393 1234 504 1174 695 576 218 220 90 286 1004 980 2298 2078 1534 1140 1519 2216 1845 1558 1225 1241 1156 949 842 920 1153 1381 1074 1067 1075 955 1281 1591 926 950 1223 1321 1085 1144 1045 973 1003 808 894 815 754 403 649
638 885 1102 1340 900 1295 1373 478 796 138 652 582 535 777 2224 2060 3908 6393 3012 2925 2737 4757 5094 1089 1065 5914 3070 1796 2386 2953 1462 616 380 1405 1100 371 117 116 254 548 1154 2388 2485 1566 1341 1235 1126 1233 1611 1326 1084 901 724 647 710 1331 1167 988 1027 847 937 1430 1309 1539 1119 981 961 1086 1026 1128 1020 968 947 708 653 762 684 419 440
203 670 167 674 377 696 179 169 592 479 1273 697 2133 847 2754 3913 4039 4773 5764 3784 5082 5446 3048 3795 2847 578 3470 2895 1088 918 322 1369 1588 2650 1923 415 76 140 375 1103 2430 1732 2534 1494 1278 1814 1200 1714 1045 1105 794 652 607 681 747 846 733 776 827 1018 1407 1771 1430 963 1252 829 1218 767 607 675 693 824 834 855 428 640 598 417 518
271 200 996 1431 1860 897 476 394 68 451 2017 600 1500 354 1645 2070 1884 1520 3258 2987 4230 4476 5445 4282 4000 2954 4915 1544 1009 728 1600 1687 2305 1667 1407 68 195 348 2407 2688 2480 2419 1600 1709 1698 1607 1342 1182 1095 814 655 672 605 883 941 1083 1072 825 898 1297 1992 1100 1419 1216 915 760 768 414 296 684 500 673 679 671 618 600 382 88 404
313 199 223 767 172 1001 39 33 239 497 707 2115 461 2819 1821 2474 3370 2917 1926 2068 3096 2531 3786 3745 2516 4500 4018 832 1268 500 646 2126 1679 1008 738 100 177 1076 898 2124 1779 1465 1633 1452 1262 1291 1044 818 744 648 1357 583 900 615 637 725 821 971 1471 1891 1617 1463 1305 1207 984 847 1058 1002 292 605 998 719 480 652 271 371 758 310 33
302 202 373 634 64 -9999 -9999 -9999 83 190 1513 411 80 1000 1174 1184 1287 255 4495 4941 2512 1872 2308 2519 3278 3805 2202 1018 814 644 2356 1199 1700 133 179 82 394 2021 971 1837 1624 1100 1218 1087 971 839 722 681 683 668 1114 549 756 839 770 902 980 1541 1551 1538 1620 1542 715 813 681 975 1148 802 216 573 1028 851 642 929 615 494 538 479 95
