src/data/model/data/constants/thames_tio2_2015/dem.grd
ncols         180
nrows         290
xllcorner     -200000
yllcorner     -200000
cellsize      5000
NODATA_value  -9999
[rows 140 to 174 of 290, columns 79 to 157 of 180]
-9999 695 445 218 -9999 -9999 894 846 521 398 114 -9999 279 556 470 1072 1492 383 -9999 -9999 -9999 -9999 105 398 102 371 387 947 701 1205 1618 1200 2099 4356 5505 3949 4897 5046 5063 3324 3346 3715 3107 1832 1565 1829 470 788 1250 815 -9999 -9999 -9999 -9999 -9999 -9999 -9999 -9999 -9999 -9999 -9999 -9999 -9999 -9999 -9999 -9999 -9999 -9999 -9999 -9999 -9999 -9999 -9999 -9999 -9999 -9999 -9999 -9999 -9999
-9999 -9999 317 226 -9999 -9999 -9999 223 890 715 348 -9999 -9999 240 298 481 -9999 -9999 -9999 -9999 -9999 -9999 178 490 706 1088 1924 1941 1384 1402 1251 1242 1755 3474 5000 3428 5806 5266 5759 4010 3926 4607 3241 2070 1734 963 370 872 1330 894 341 -9999 -9999 -9999 -9999 -9999 -9999 -9999 -9999 -9999 -9999 -9999 -9999 -9999 -9999 -9999 -9999 -9999 -9999 -9999 -9999 -9999 -9999 -9999 -9999 -9999 -9999 -9999 -9999
-9999 -9999 796 508 67 -9999 -9999 -9999 693 575 173 -9999 -9999 -9999 -9999 -9999 -9999 -9999 -9999 -9999 -9999 233 196 1390 2042 2258 2912 2689 2183 1983 1473 1676 1689 2753 6005 6446 6177 5472 3712 3097 3165 2722 1441 2327 2385 912 607 1158 1385 1062 511 90 -9999 -9999 -9999 -9999 -9999 -9999 -9999 -9999 -9999 -9999 -9999 -9999 -9999 -9999 -9999 -9999 -9999 -9999 -9999 -9999 -9999 -9999 -9999 -9999 -9999 -9999 -9999
-9999 -9999 599 874 533 -9999 -9999 -9999 -9999 306 346 -9999 -9999 -9999 -9999 -9999 -9999 -9999 -9999 -9999 91 692 706 1036 973 1123 4465 2909 2520 3167 1753 2364 981 1642 4225 6934 5153 4161 6158 6699 5488 4109 3199 1200 1621 1396 1771 1260 979 1136 683 90 -9999 -9999 -9999 -9999 -9999 -9999 -9999 -9999 -9999 -9999 -9999 -9999 -9999 -9999 -9999 -9999 -9999 -9999 -9999 -9999 -9999 -9999 -9999 -9999 -9999 -9999 -9999
-9999 -9999 -9999 -9999 -9999 -9999 -9999 -9999 -9999 -9999 -9999 -9999 -9999 -9999 -9999 -9999 -9999 -9999 -9999 -9999 180 664 1064 788 2726 675 7220 7086 2334 2730 2157 1471 1860 1069 2125 6877 6121 4806 4060 3648 4302 3866 3159 2096 1508 1274 1018 801 961 597 114 49 43 45 -9999 -9999 -9999 -9999 -9999 -9999 -9999 -9999 -9999 -9999 -9999 -9999 -9999 -9999 -9999 -9999 -9999 -9999 -9999 -9999 -9999 -9999 -9999 -9999 -9999
-9999 -9999 -9999 -9999 -9999 -9999 -9999 -9999 -9999 -9999 -9999 -9999 -9999 -9999 -9999 -9999 -9999 -9999 -9999 -9999 683 1360 1087 2391 5251 2500 1271 4077 4172 3112 2797 2205 1824 1404 1603 2628 6724 5257 4422 3353 3100 2932 1813 1680 1564 1774 887 1141 484 316 102 36 93 187 712 676 -9999 -9999 -9999 -9999 -9999 -9999 -9999 -9999 -9999 -9999 -9999 -9999 -9999 -9999 -9999 -9999 -9999 -9999 -9999 -9999 -9999 -9999 -9999
-9999 -9999 -9999 -9999 -9999 -9999 -9999 -9999 -9999 -9999 -9999 -9999 -9999 -9999 -9999 -9999 -9999 -9999 -9999 749 76 1247 1785 3957 1692 2006 4042 5212 3446 2869 4565 1840 2731 1714 1429 1448 3290 4535 4290 3650 3095 1939 1756 1324 915 700 678 508 465 103 149 296 1635 958 1123 1292 553 835 -9999 -9999 -9999 -9999 -9999 -9999 -9999 -9999 -9999 -9999 -9999 -9999 -9999 -9999 -9999 -9999 -9999 -9999 -9999 -9999 -9999
-9999 -9999 -9999 -9999 -9999 -9999 -9999 -9999 -9999 -9999 -9999 -9999 -9999 -9999 -9999 -9999 -9999 -9999 -9999 865 75 1364 2518 5188 5877 4088 3254 2195 2968 5462 2455 4315 3173 2429 2197 1981 1493 2194 4334 4016 3283 2447 1808 1299 1082 800 514 476 365 73 586 859 1477 2957 2357 2063 2113 1472 695 494 -9999 -9999 -9999 -9999 -9999 -9999 -9999 -9999 -9999 -9999 -9999 -9999 -9999 -9999 -9999 -9999 -9999 -9999 -9999
-9999 -9999 -9999 -9999 -9999 -9999 -9999 -9999 -9999 -9999 -9999 -9999 -9999 -9999 -9999 -9999 -9999 -9999 -9999 -9999 426 374 2731 4138 1362 8317 6583 2454 3965 3132 3708 5600 2973 2300 2529 2840 1803 6027 5167 4833 5043 4609 3737 1575 1880 867 526 502 460 511 737 685 1018 2053 1795 1197 1450 1702 615 1067 923 -9999 -9999 -9999 -9999 -9999 -9999 -9999 -9999 -9999 -9999 -9999 -9999 -9999 -9999 -9999 -9999 -9999 -9999
-9999 -9999 -9999 -9999 -9999 -9999 -9999 -9999 218 246 175 -9999 -9999 -9999 -9999 -9999 -9999 -9999 -9999 -9999 -9999 301 468 1124 2578 3043 4818 1385 365 3671 3091 2571 2655 3132 3147 2863 3004 4458 4600 6347 5413 4276 3109 2943 1821 969 619 399 634 620 771 2865 2398 4159 4016 3511 2364 1330 2175 1616 1630 -9999 -9999 -9999 -9999 -9999 -9999 -9999 -9999 -9999 -9999 -9999 -9999 -9999 -9999 -9999 -9999 -9999 -9999
-9999 -9999 -9999 -9999 -9999 -9999 -9999 159 145 172 291 -9999 -9999 -9999 -9999 -9999 -9999 -9999 -9999 -9999 -9999 90 78 185 2405 2017 6546 1970 2194 2194 1011 1088 1515 1600 5853 2978 3141 6116 4314 2662 2068 4479 1658 2938 1571 778 400 446 579 998 2646 3230 2795 2390 1668 1856 2685 2404 2477 1690 1955 941 -9999 -9999 -9999 -9999 -9999 -9999 -9999 -9999 -9999 -9999 -9999 -9999 -9999 -9999 -9999 -9999 -9999
-9999 -9999 -9999 -9999 -9999 -9999 -9999 250 2305 647 187 -9999 -9999 -9999 -9999 -9999 -9999 -9999 -9999 -9999 -9999 -9999 105 1523 2488 2760 1406 1783 1417 1017 949 615 1880 1359 1258 6275 3517 2979 5263 3823 5105 3180 3178 1932 1246 806 716 327 430 1610 2125 1843 2415 2338 2016 2230 1949 2200 1913 793 1871 495 -9999 -9999 -9999 -9999 -9999 -9999 -9999 -9999 -9999 -9999 -9999 -9999 -9999 -9999 -9999 -9999 -9999
-9999 -9999 -9999 -9999 -9999 -9999 1157 2687 3525 4326 1252 -9999 -9999 -9999 -9999 -9999 -9999 -9999 -9999 -9999 -9999 -9999 175 3000 2664 200 1472 587 959 96 59 984 1795 815 4630 3253 4807 3166 5746 2550 3233 2056 2929 1560 1394 1104 337 295 298 534 2382 2654 2050 1247 1259 1097 1184 1362 2056 2105 1388 906 672 -9999 -9999 -9999 -9999 -9999 -9999 -9999 -9999 -9999 -9999 -9999 -9999 -9999 -9999 -9999 -9999
-9999 -9999 -9999 -9999 -9999 692 613 4387 2369 1275 1083 -9999 -9999 -9999 -9999 -9999 -9999 -9999 -9999 -9999 -9999 -9999 237 120 304 826 1359 75 908 90 33 350 1373 871 4187 4332 5137 4911 5558 5552 5130 4249 3283 3053 2232 851 426 320 232 337 658 2918 2068 629 343 361 266 263 285 600 291 287 340 424 -9999 -9999 -9999 -9999 -9999 -9999 -9999 -9999 -9999 -9999 -9999 -9999 -9999 -9999 -9999
-9999 -9999 -9999 -9999 -9999 1939 2623 806 473 785 -9999 -9999 -9999 -9999 -9999 -9999 -9999 -9999 -9999 -9999 -9999 -9999 -9999 75 67 900 542 101 370 386 184 326 1498 858 4095 3651 3417 4944 4757 3949 5997 5913 3473 3587 2486 2080 646 298 270 186 329 768 847 450 320 244 218 199 240 296 315 1674 1219 373 645 -9999 -9999 -9999 -9999 -9999 -9999 -9999 -9999 -9999 -9999 -9999 -9999 -9999 -9999
-9999 -9999 -9999 -9999 1293 1276 928 1042 755 -9999 -9999 -9999 -9999 -9999 -9999 -9999 -9999 -9999 -9999 -9999 -9999 -9999 -9999 -9999 130 608 664 61 65 39 65 121 767 721 885 4104 3336 3858 5798 2294 2523 5470 4109 3326 2789 1772 837 469 392 276 288 378 785 1210 498 1133 535 248 789 1211 895 570 428 806 846 493 406 -9999 -9999 -9999 -9999 -9999 -9999 -9999 -9999 -9999 -9999 -9999 -9999
-9999 -9999 -9999 551 815 216 147 307 -9999 -9999 -9999 -9999 -9999 -9999 -9999 -9999 -9999 -9999 -9999 -9999 -9999 -9999 -9999 -9999 96 41 90 -9999 -9999 36 61 1070 259 758 1781 1311 1706 2177 4453 4512 1885 4059 4688 2925 3151 2096 1382 270 276 149 157 194 339 632 599 839 251 666 1204 1618 1543 1301 811 200 133 385 365 -9999 -9999 -9999 -9999 -9999 -9999 -9999 -9999 -9999 -9999 -9999 -9999
-9999 -9999 -9999 -9999 -9999 -9999 -9999 -9999 -9999 -9999 -9999 -9999 -9999 -9999 -9999 -9999 -9999 -9999 -9999 -9999 -9999 -9999 -9999 -9999 80 56 -9999 -9999 48 87 64 741 2459 2817 2929 2960 2211 2743 3867 3501 2764 1515 3370 3666 2370 1610 1306 620 370 356 181 98 156 203 275 124 707 2068 1276 1440 846 711 185 120 91 -9999 -9999 -9999 -9999 -9999 -9999 -9999 -9999 -9999 -9999 -9999 -9999 -9999 -9999
-9999 -9999 -9999 -9999 -9999 -9999 -9999 -9999 -9999 -9999 -9999 -9999 -9999 -9999 -9999 -9999 -9999 -9999 -9999 -9999 -9999 -9999 -9999 -9999 -9999 -9999 -9999 -9999 43 62 325 1873 3629 4776 3682 1903 2600 1278 1651 1566 2378 2811 3000 2883 2484 1567 1182 867 430 448 141 108 116 162 224 136 441 2424 1934 762 368 175 96 87 88 -9999 -9999 -9999 -9999 -9999 -9999 -9999 -9999 -9999 -9999 -9999 -9999 -9999 -9999
-9999 -9999 -9999 -9999 -9999 -9999 -9999 -9999 -9999 -9999 -9999 -9999 -9999 -9999 -9999 -9999 -9999 -9999 -9999 -9999 -9999 -9999 -9999 -9999 -9999 -9999 -9999 -9999 39 46 182 875 2454 2884 2524 2111 1779 1526 1961 1402 1607 1763 961 3091 1982 2215 1352 1140 501 190 218 164 169 121 146 125 212 1261 1419 827 285 157 89 110 99 97 -9999 -9999 -9999 -9999 -9999 -9999 -9999 -9999 -9999 -9999 -9999 -9999 -9999
-9999 -9999 -9999 -9999 -9999 -9999 -9999 -9999 -9999 -9999 -9999 -9999 -9999 -9999 -9999 -9999 -9999 -9999 -9999 -9999 -9999 -9999 -9999 -9999 -9999 -9999 -9999 58 69 61 192 1833 2433 4414 2306 3239 772 1565 1450 2222 2586 2361 2819 1076 993 785 692 392 805 290 167 275 104 89 124 85 167 264 879 786 308 76 55 105 135 120 -9999 -9999 -9999 -9999 -9999 -9999 -9999 -9999 -9999 -9999 -9999 -9999 -9999
-9999 -9999 -9999 -9999 -9999 -9999 -9999 -9999 -9999 -9999 -9999 -9999 -9999 -9999 -9999 -9999 -9999 -9999 -9999 -9999 -9999 -9999 -9999 -9999 -9999 -9999 -9999 69 94 89 107 590 2162 977 1195 548 1350 3070 2109 2718 2820 2967 1022 2957 1419 1975 1623 1457 570 377 218 85 69 63 93 88 96 98 324 843 469 87 57 108 140 201 175 -9999 -9999 -9999 -9999 -9999 -9999 -9999 -9999 -9999 -9999 -9999 -9999
-9999 -9999 -9999 -9999 -9999 -9999 -9999 -9999 -9999 -9999 -9999 -9999 -9999 -9999 -9999 -9999 -9999 -9999 -9999 -9999 -9999 -9999 -9999 -9999 -9999 -9999 -9999 187 114 172 98 359 867 1042 915 594 1451 2069 1931 2817 3475 2178 1840 895 1626 793 936 1120 1079 460 399 75 40 77 87 65 72 110 272 644 963 302 31 82 208 143 161 -9999 -9999 -9999 -9999 -9999 -9999 -9999 -9999 -9999 -9999 -9999 -9999
-9999 -9999 -9999 -9999 -9999 -9999 -9999 -9999 -9999 -9999 -9999 -9999 -9999 -9999 -9999 -9999 -9999 -9999 -9999 -9999 -9999 -9999 -9999 -9999 -9999 -9999 -9999 73 167 193 273 353 534 531 1065 1869 972 1404 2072 4182 4043 4146 3048 1927 1363 1457 744 336 780 907 294 72 61 42 62 60 69 48 70 646 1073 405 52 58 90 103 156 114 -9999 -9999 -9999 -9999 -9999 -9999 -9999 -9999 -9999 -9999 -9999
-9999 -9999 -9999 -9999 -9999 -9999 -9999 -9999 -9999 -9999 -9999 -9999 -9999 -9999 -9999 -9999 -9999 -9999 -9999 -9999 -9999 -9999 -9999 -9999 -9999 -9999 -9999 68 38 51 110 213 196 766 1031 1826 2185 3142 3852 4290 2835 3495 2283 2112 1218 1716 1139 691 234 152 310 81 80 79 58 41 50 48 58 36 381 248 42 38 48 65 93 90 104 -9999 -9999 -9999 -9999 -9999 -9999 -9999 -9999 -9999 -9999
-9999 -9999 -9999 -9999 -9999 -9999 -9999 -9999 -9999 -9999 -9999 -9999 -9999 -9999 -9999 -9999 -9999 -9999 -9999 -9999 -9999 -9999 -9999 -9999 -9999 -9999 -9999 36 32 85 125 197 922 2081 2084 2381 2092 1924 3207 2778 3403 3002 1214 657 815 823 1179 650 428 597 384 85 107 58 53 40 36 42 48 72 172 72 70 63 48 45 67 107 176 123 -9999 -9999 -9999 -9999 -9999 -9999 -9999 -9999 -9999
-9999 -9999 -9999 -9999 -9999 -9999 -9999 -9999 -9999 -9999 -9999 -9999 -9999 -9999 -9999 -9999 -9999 -9999 -9999 -9999 -9999 -9999 -9999 -9999 -9999 -9999 -9999 37 54 116 52 237 702 2793 2967 2263 3645 3110 2468 2469 4321 3347 3217 1763 682 1329 592 263 484 535 234 345 77 53 42 62 65 55 640 300 43 579 277 77 66 39 41 52 64 58 -9999 -9999 -9999 -9999 -9999 -9999 -9999 -9999 -9999
-9999 -9999 -9999 -9999 -9999 -9999 -9999 -9999 -9999 -9999 -9999 -9999 -9999 -9999 -9999 -9999 -9999 -9999 -9999 -9999 -9999 -9999 -9999 -9999 -9999 -9999 81 88 120 202 76 1112 709 1255 2348 1205 1477 1788 1340 1496 3247 2883 2936 1086 2044 2123 858 1116 705 851 623 355 79 55 75 68 83 43 72 381 55 150 511 160 122 53 43 -9999 91 51 -9999 -9999 -9999 -9999 -9999 -9999 -9999 -9999 -9999
-9999 -9999 -9999 -9999 -9999 -9999 -9999 -9999 -9999 -9999 -9999 -9999 -9999 -9999 -9999 -9999 -9999 -9999 -9999 -9999 -9999 -9999 -9999 -9999 -9999 -9999 86 72 221 690 485 670 558 1089 1143 896 905 923 1085 1651 3309 4226 4343 2386 3174 2527 1076 1085 474 573 600 286 81 100 61 53 73 45 71 179 200 175 812 541 408 78 92 72 -9999 -9999 -9999 -9999 -9999 -9999 -9999 -9999 -9999 -9999 -9999
-9999 -9999 -9999 -9999 -9999 -9999 -9999 -9999 -9999 -9999 -9999 -9999 -9999 -9999 -9999 -9999 -9999 -9999 -9999 -9999 -9999 -9999 -9999 -9999 -9999 -9999 42 100 206 396 521 1424 445 374 369 600 852 699 995 1369 1405 3081 4343 4555 2862 3075 2105 1258 1207 197 168 629 122 88 26 3 86 49 64 229 115 76 143 1327 667 503 205 73 46 37 -9999 -9999 -9999 -9999 -9999 -9999 -9999 -9999 -9999
-9999 -9999 -9999 -9999 -9999 -9999 -9999 -9999 -9999 -9999 -9999 -9999 -9999 -9999 -9999 -9999 -9999 -9999 -9999 -9999 -9999 -9999 -9999 -9999 -9999 -9999 -9999 115 272 320 370 458 477 357 140 250 246 257 579 997 2021 2089 4825 5409 5069 3608 2465 1638 971 1047 613 892 257 203 78 56 52 56 202 230 143 76 329 1368 980 918 298 90 48 49 34 -9999 -9999 -9999 -9999 -9999 -9999 -9999 -9999
-9999 -9999 -9999 -9999 -9999 -9999 427 408 225 336 469 -9999 -9999 -9999 -9999 -9999 -9999 -9999 -9999 -9999 -9999 -9999 -9999 -9999 -9999 60 102 205 412 256 727 532 205 157 248 193 219 316 582 933 1474 3493 4199 3715 3598 3976 3295 1489 1305 255 1414 1242 513 335 81 56 92 65 183 328 215 91 177 466 1283 997 1140 236 87 54 39 -9999 -9999 -9999 -9999 -9999 -9999 -9999 -9999
-9999 -9999 -9999 -9999 -9999 -9999 153 645 770 558 203 365 -9999 -9999 -9999 -9999 -9999 -9999 -9999 -9999 -9999 -9999 -9999 38 -9999 100 267 145 282 506 158 352 58 75 183 196 362 564 523 801 1480 2156 5381 5397 3325 3268 2876 2384 819 310 1034 1089 599 158 96 93 241 127 144 225 431 115 236 371 1289 1111 778 232 180 53 53 43 -9999 -9999 -9999 -9999 -9999 -9999 -9999
-9999 -9999 -9999 -9999 -9999 600 100 84 867 747 707 586 806 548 -9999 -9999 487 326 -9999 -9999 40 81 733 753 361 339 753 297 252 199 70 542 697 797 557 677 302 735 786 1018 3335 1916 2843 4175 1715 2462 4263 1340 2020 779 978 1057 488 368 246 151 196 105 119 114 475 140 147 315 558 841 1331 854 264 58 65 49 -9999 -9999 -9999 -9999 -9999 -9999 -9999
-9999 -9999 -9999 -9999 -9999 -9999 51 221 517 455 509 634 1176 242 1377 1781 630 1363 907 1317 72 37 2009 1920 1077 322 206 477 341 39 100 548 336 351 342 415 613 736 1326 1382 3484 3653 3369 3516 2958 3578 3430 2331 1083 652 1541 1278 401 621 300 461 317 48 106 78 497 177 97 226 267 692 938 897 694 195 74 49 36 -9999 -9999 -9999 -9999 -9999 -9999
