src/data/model/data/constants/thames_tio2_2015/dem.grd
ncols         180
nrows         290
xllcorner     -200000
yllcorner     -200000
cellsize      5000
NODATA_value  -9999
[rows 105 to 139 of 290, columns 79 to 157 of 180]
3054 1576 325 1974 4564 4859 4136 2962 3771 6757 3509 4387 1744 2875 5018 2243 724 488 1281 755 455 955 1093 314 536 268 293 951 607 387 91 33 -9999 -9999 -9999 -9999 -9999 -9999 -9999 -9999 -9999 -9999 -9999 -9999 -9999 -9999 -9999 -9999 -9999 -9999 -9999 -9999 -9999 -9999 -9999 -9999 -9999 -9999 -9999 -9999 -9999 -9999 -9999 -9999 -9999 -9999 -9999 -9999 -9999 -9999 -9999 -9999 -9999 -9999 -9999 -9999 -9999 -9999 -9999
1745 2372 4434 4334 5932 2536 5063 1381 4905 1466 6836 2551 4004 6223 2993 1403 2525 1948 598 537 178 127 652 111 48 802 670 571 682 223 421 288 206 -9999 -9999 -9999 -9999 -9999 -9999 -9999 -9999 -9999 -9999 -9999 -9999 -9999 -9999 -9999 -9999 -9999 -9999 -9999 -9999 -9999 -9999 -9999 -9999 -9999 -9999 -9999 -9999 -9999 -9999 -9999 -9999 -9999 -9999 -9999 -9999 -9999 -9999 -9999 -9999 -9999 -9999 -9999 -9999 -9999 -9999
325 3365 1790 675 3270 5067 4707 161 4782 4390 4583 2443 4869 3588 3854 5468 2996 2410 1912 1348 1078 1871 2032 2305 2147 1146 484 450 1527 854 1543 919 463 263 -9999 -9999 -9999 -9999 -9999 -9999 -9999 -9999 -9999 -9999 -9999 -9999 -9999 -9999 -9999 -9999 -9999 -9999 -9999 -9999 -9999 -9999 -9999 -9999 -9999 -9999 -9999 -9999 -9999 -9999 -9999 -9999 -9999 -9999 -9999 -9999 -9999 -9999 -9999 -9999 -9999 -9999 -9999 -9999 -9999
2753 2588 1665 450 4030 3933 6624 807 3919 3071 3189 2298 3061 806 1775 2256 2094 991 2024 3237 4432 3765 3438 2001 1459 2522 456 1171 1605 1668 1595 1237 646 350 -9999 -9999 -9999 -9999 -9999 -9999 -9999 -9999 -9999 -9999 -9999 -9999 -9999 -9999 -9999 -9999 -9999 -9999 -9999 -9999 -9999 -9999 -9999 -9999 -9999 -9999 -9999 -9999 -9999 -9999 -9999 -9999 -9999 -9999 -9999 -9999 -9999 -9999 -9999 -9999 -9999 -9999 -9999 -9999 -9999
4028 500 917 2149 4918 2803 2505 1166 7447 1500 1709 2317 2394 1163 982 698 903 2741 5177 4261 3182 2697 1421 1092 1185 1790 1049 1063 483 641 214 196 206 43 45 -9999 -9999 -9999 -9999 -9999 -9999 -9999 -9999 -9999 -9999 -9999 -9999 -9999 -9999 -9999 -9999 -9999 -9999 -9999 -9999 -9999 -9999 -9999 -9999 -9999 -9999 -9999 -9999 -9999 -9999 -9999 -9999 -9999 -9999 -9999 -9999 -9999 -9999 -9999 -9999 -9999 -9999 -9999 -9999
1431 1384 4275 992 3951 4097 4293 1667 397 5334 1668 820 163 178 126 148 92 1988 489 411 292 1192 2085 1208 1260 933 596 654 247 -9999 138 69 -9999 -9999 -9999 -9999 -9999 -9999 -9999 -9999 -9999 -9999 -9999 -9999 -9999 -9999 -9999 -9999 -9999 -9999 -9999 -9999 -9999 -9999 -9999 -9999 -9999 -9999 -9999 -9999 -9999 -9999 -9999 -9999 -9999 -9999 -9999 -9999 -9999 -9999 -9999 -9999 -9999 -9999 -9999 -9999 -9999 -9999 -9999
1338 3454 3620 4941 5140 1144 2879 2948 59 1934 2452 1128 1349 1655 2035 2676 371 87 43 325 890 1229 1903 1341 1217 1252 547 488 -9999 -9999 -9999 -9999 -9999 -9999 -9999 -9999 -9999 -9999 -9999 -9999 -9999 -9999 -9999 -9999 -9999 -9999 -9999 -9999 -9999 -9999 -9999 -9999 -9999 -9999 -9999 -9999 -9999 -9999 -9999 -9999 -9999 -9999 -9999 -9999 -9999 -9999 -9999 -9999 -9999 -9999 -9999 -9999 -9999 -9999 -9999 -9999 -9999 -9999 -9999
3457 1905 3944 4754 2991 1533 3368 3244 59 223 132 543 1102 1658 3023 3521 1332 977 124 157 668 566 905 1025 1726 1680 110 -9999 -9999 -9999 136 103 265 759 -9999 -9999 -9999 -9999 -9999 -9999 -9999 -9999 -9999 -9999 -9999 -9999 -9999 -9999 -9999 -9999 -9999 -9999 -9999 -9999 -9999 -9999 -9999 -9999 -9999 -9999 -9999 -9999 -9999 -9999 -9999 -9999 -9999 -9999 -9999 -9999 -9999 -9999 -9999 -9999 -9999 -9999 -9999 -9999 -9999
2907 1917 3293 2797 3413 534 563 1006 714 762 1084 271 4733 4295 3618 3456 1667 255 175 39 242 432 330 508 330 103 294 -9999 -9999 45 567 337 445 144 -9999 -9999 -9999 -9999 -9999 -9999 -9999 -9999 -9999 -9999 -9999 -9999 -9999 -9999 -9999 -9999 -9999 -9999 -9999 -9999 -9999 -9999 -9999 -9999 -9999 -9999 -9999 -9999 -9999 -9999 -9999 -9999 -9999 -9999 -9999 -9999 -9999 -9999 -9999 -9999 -9999 -9999 -9999 -9999 -9999
3495 1121 2746 4231 136 890 555 331 888 1949 2890 1402 1506 865 875 829 1000 1188 1405 1204 573 591 846 495 194 338 122 -9999 75 201 353 794 316 279 186 314 46 -9999 -9999 -9999 -9999 -9999 -9999 -9999 -9999 -9999 -9999 -9999 -9999 -9999 -9999 -9999 -9999 -9999 -9999 -9999 -9999 -9999 -9999 -9999 -9999 -9999 -9999 -9999 -9999 -9999 -9999 -9999 -9999 -9999 -9999 -9999 -9999 -9999 -9999 -9999 -9999 -9999 -9999
138 1848 1838 2695 1078 586 2192 1854 1489 318 255 901 450 597 724 816 1134 1809 1864 1284 2072 2000 823 432 450 435 759 246 376 876 917 682 1332 2321 1805 2417 781 794 1231 -9999 -9999 -9999 -9999 -9999 -9999 -9999 -9999 -9999 -9999 -9999 -9999 -9999 -9999 -9999 -9999 -9999 -9999 -9999 -9999 -9999 -9999 -9999 -9999 -9999 -9999 -9999 -9999 -9999 -9999 -9999 -9999 -9999 -9999 -9999 -9999 -9999 -9999 -9999 -9999
1464 1055 840 714 502 2083 3730 1570 685 88 40 34 433 799 793 936 1863 1929 2204 1722 1426 1343 1128 1370 1536 1957 1189 668 1626 1365 1515 1327 2277 2989 3118 3110 1955 2128 2040 698 -9999 -9999 -9999 -9999 -9999 -9999 -9999 -9999 -9999 -9999 -9999 -9999 -9999 -9999 -9999 -9999 -9999 -9999 -9999 -9999 -9999 -9999 -9999 -9999 -9999 -9999 -9999 -9999 -9999 -9999 -9999 -9999 -9999 -9999 -9999 -9999 -9999 -9999 -9999
243 259 751 437 542 2798 4827 2371 1425 345 367 281 264 58 309 581 1186 2408 2476 2601 1885 1866 2403 2904 3219 2627 1387 848 1768 1967 2085 4083 4522 3358 3232 2896 2262 2136 801 576 802 -9999 -9999 -9999 -9999 -9999 -9999 -9999 -9999 -9999 -9999 -9999 -9999 -9999 -9999 -9999 -9999 -9999 -9999 -9999 -9999 -9999 -9999 -9999 -9999 -9999 -9999 -9999 -9999 -9999 -9999 -9999 -9999 -9999 -9999 -9999 -9999 -9999 -9999
-9999 288 434 453 634 2324 3474 1137 1243 1873 1145 1018 834 1935 851 205 911 1347 2275 2692 3493 2689 3660 3795 2957 2481 2434 2177 2589 3188 3623 3560 4209 3119 2953 2540 934 837 1293 1230 825 -9999 -9999 -9999 -9999 -9999 -9999 -9999 -9999 -9999 -9999 -9999 -9999 -9999 -9999 -9999 -9999 -9999 -9999 -9999 -9999 -9999 -9999 -9999 -9999 -9999 -9999 -9999 -9999 -9999 -9999 -9999 -9999 -9999 -9999 -9999 -9999 -9999 -9999
1998 -9999 506 660 238 2459 1444 605 1091 1774 2345 1913 1488 2058 2057 1376 458 1645 2845 2343 2526 2905 3835 3323 2638 2916 2918 4738 3869 3226 2793 2401 3312 2910 2267 2485 1087 659 680 397 85 403 -9999 -9999 -9999 -9999 -9999 -9999 -9999 -9999 -9999 -9999 -9999 -9999 -9999 -9999 -9999 -9999 -9999 -9999 -9999 -9999 -9999 -9999 -9999 -9999 -9999 -9999 -9999 -9999 -9999 -9999 -9999 -9999 -9999 -9999 -9999 -9999 -9999
2052 838 -9999 -9999 235 1233 889 838 887 1332 2208 2595 2915 3028 2418 2106 1685 461 2557 2179 2133 2304 2179 2286 3604 2995 4955 5691 5061 3556 3510 1949 2317 2178 2084 2075 984 590 491 422 438 326 50 -9999 -9999 -9999 -9999 -9999 -9999 -9999 -9999 -9999 -9999 -9999 -9999 -9999 -9999 -9999 -9999 -9999 -9999 -9999 -9999 -9999 -9999 -9999 -9999 -9999 -9999 -9999 -9999 -9999 -9999 -9999 -9999 -9999 -9999 -9999 -9999
3659 67 -9999 -9999 -9999 300 246 154 377 826 1132 2221 2521 2344 1887 1964 2204 2056 1749 1950 1900 2966 2839 4688 2090 2970 3248 2628 4723 4661 3056 2608 1590 1390 1378 1340 717 591 432 679 711 366 75 76 -9999 -9999 -9999 -9999 -9999 -9999 -9999 -9999 -9999 -9999 -9999 -9999 -9999 -9999 -9999 -9999 -9999 -9999 -9999 -9999 -9999 -9999 -9999 -9999 -9999 -9999 -9999 -9999 -9999 -9999 -9999 -9999 -9999 -9999 -9999
3337 886 -9999 -9999 -9999 -9999 76 55 219 256 370 884 1108 2135 3485 3316 2613 2317 1851 2394 2303 2422 2565 3807 2140 2989 3312 3134 1363 1964 1340 2674 1141 1508 1185 493 491 382 578 350 1313 1099 551 76 257 82 -9999 -9999 -9999 -9999 -9999 -9999 -9999 -9999 -9999 -9999 -9999 -9999 -9999 -9999 -9999 -9999 -9999 -9999 -9999 -9999 -9999 -9999 -9999 -9999 -9999 -9999 -9999 -9999 -9999 -9999 -9999 -9999 -9999
4179 679 871 -9999 -9999 -9999 -9999 46 597 1492 973 1887 3047 2933 3981 4129 3734 2497 3161 2634 2241 2982 3271 2168 7111 2982 4847 3312 3840 3552 1323 2176 1332 800 584 850 1536 1952 1548 1370 355 1152 1694 521 480 129 -9999 -9999 -9999 -9999 -9999 -9999 -9999 -9999 -9999 -9999 -9999 -9999 -9999 -9999 -9999 -9999 -9999 -9999 -9999 -9999 -9999 -9999 -9999 -9999 -9999 -9999 -9999 -9999 -9999 -9999 -9999 -9999 -9999
3566 2433 877 -9999 -9999 -9999 36 102 181 925 1020 1508 2460 2012 2518 2672 3482 3138 2965 2739 3684 5747 4910 4485 7629 5899 3255 4334 2834 1454 2094 2200 1409 1471 1580 877 1346 1802 2155 3482 1904 1296 1674 1400 442 57 -9999 -9999 -9999 -9999 -9999 -9999 -9999 -9999 -9999 -9999 -9999 -9999 -9999 -9999 -9999 -9999 -9999 -9999 -9999 -9999 -9999 -9999 -9999 -9999 -9999 -9999 -9999 -9999 -9999 -9999 -9999 -9999 -9999
984 1561 344 -9999 -9999 -9999 -9999 98 300 794 1102 1294 1813 2524 4154 4829 3436 4156 2534 2757 2780 4358 2709 5751 4388 4099 4287 4333 2103 3035 1701 2268 2024 875 1603 1939 2703 1878 4490 4235 3612 1257 1446 1604 873 525 222 -9999 -9999 -9999 -9999 -9999 -9999 -9999 -9999 -9999 -9999 -9999 -9999 -9999 -9999 -9999 -9999 -9999 -9999 -9999 -9999 -9999 -9999 -9999 -9999 -9999 -9999 -9999 -9999 -9999 -9999 -9999 -9999
-9999 -9999 -9999 -9999 -9999 324 936 537 1115 1208 1487 2031 1909 2932 3285 4237 3180 2904 4573 3830 4542 5103 4925 6606 5934 2972 4019 4410 3575 2586 2613 1465 2123 2267 1286 2360 2614 4042 3946 4993 3497 1157 1066 752 938 583 218 -9999 -9999 -9999 -9999 -9999 -9999 -9999 -9999 -9999 -9999 -9999 -9999 -9999 -9999 -9999 -9999 -9999 -9999 -9999 -9999 -9999 -9999 -9999 -9999 -9999 -9999 -9999 -9999 -9999 -9999 -9999 -9999
-9999 -9999 -9999 -9999 -9999 507 2032 595 1272 2428 3091 2919 2220 2366 2614 1615 2411 4052 4615 3609 3703 2475 2284 6293 3528 3221 3261 3853 2989 2301 1263 2815 2456 2228 1819 2383 3544 4402 3535 3561 3311 1348 660 811 1414 269 163 -9999 -9999 -9999 -9999 -9999 -9999 -9999 -9999 -9999 -9999 -9999 -9999 -9999 -9999 -9999 -9999 -9999 -9999 -9999 -9999 -9999 -9999 -9999 -9999 -9999 -9999 -9999 -9999 -9999 -9999 -9999 -9999
-9999 -9999 -9999 -9999 91 985 1622 377 1752 2839 2155 3406 4740 3922 5009 3758 2724 2280 2509 3670 3435 3128 1239 2920 5600 3168 4254 2684 2866 1571 1829 2622 2279 2384 3252 3897 4553 4186 2888 1774 1921 1414 2090 2492 1465 527 119 -9999 -9999 -9999 -9999 -9999 -9999 -9999 -9999 -9999 -9999 -9999 -9999 -9999 -9999 -9999 -9999 -9999 -9999 -9999 -9999 -9999 -9999 -9999 -9999 -9999 -9999 -9999 -9999 -9999 -9999 -9999 -9999
-9999 -9999 -9999 -9999 163 788 215 2341 1738 3235 2301 3867 3951 5947 4295 4256 3063 2933 1614 5906 5522 2907 1195 3274 4706 3099 3381 4257 2269 3447 3744 2958 3799 4106 5415 2765 2728 2732 2856 3133 1794 936 1981 1393 995 384 71 -9999 -9999 -9999 -9999 -9999 -9999 -9999 -9999 -9999 -9999 -9999 -9999 -9999 -9999 -9999 -9999 -9999 -9999 -9999 -9999 -9999 -9999 -9999 -9999 -9999 -9999 -9999 -9999 -9999 -9999 -9999 -9999
-9999 -9999 -9999 -9999 480 2048 2697 2110 3103 3155 2548 2172 4381 3883 4612 4315 3832 2171 697 2475 3291 3039 1652 1931 2949 2866 2913 3056 5093 2631 2608 2091 2616 5455 3581 4522 3559 1927 2494 2772 3039 3031 1270 884 566 353 140 -9999 -9999 -9999 -9999 -9999 -9999 -9999 -9999 -9999 -9999 -9999 -9999 -9999 -9999 -9999 -9999 -9999 -9999 -9999 -9999 -9999 -9999 -9999 -9999 -9999 -9999 -9999 -9999 -9999 -9999 -9999 -9999
-9999 -9999 -9999 724 1465 2304 2318 5025 3844 2901 2482 4028 1975 2621 4012 2909 2552 979 370 1431 2572 3287 1312 1516 1433 2287 1844 4203 1439 3936 2671 1606 5023 2174 2966 3331 2714 3076 1786 1838 3130 2699 1458 1547 1064 500 250 79 -9999 -9999 -9999 -9999 -9999 -9999 -9999 -9999 -9999 -9999 -9999 -9999 -9999 -9999 -9999 -9999 -9999 -9999 -9999 -9999 -9999 -9999 -9999 -9999 -9999 -9999 -9999 -9999 -9999 -9999 -9999
-9999 -9999 491 1533 1214 1275 3164 2451 2590 5709 3669 3345 1797 2571 2713 1778 2493 2203 1286 1986 1760 836 596 1132 2134 2439 3571 2065 1552 3465 1865 2103 4808 2563 1835 1482 2415 3071 2613 2745 2642 1688 1438 1141 679 608 331 109 -9999 -9999 -9999 -9999 -9999 -9999 -9999 -9999 -9999 -9999 -9999 -9999 -9999 -9999 -9999 -9999 -9999 -9999 -9999 -9999 -9999 -9999 -9999 -9999 -9999 -9999 -9999 -9999 -9999 -9999 -9999
-9999 -9999 524 1178 2126 1049 1491 2095 1799 2929 2494 5226 1415 1407 1793 2210 2208 2264 1240 675 194 1397 610 562 1732 2087 1850 1636 686 1956 1112 2011 4263 3566 3365 2929 2495 1910 1895 2728 2312 1737 1470 1218 1039 504 267 67 -9999 -9999 -9999 -9999 -9999 -9999 -9999 -9999 -9999 -9999 -9999 -9999 -9999 -9999 -9999 -9999 -9999 -9999 -9999 -9999 -9999 -9999 -9999 -9999 -9999 -9999 -9999 -9999 -9999 -9999 -9999
-9999 735 1522 3779 2172 1783 1243 1131 645 5472 3480 2378 2330 1142 1092 1806 1499 3531 960 303 135 198 1766 589 1887 1430 1636 973 989 883 1952 1342 2700 3124 2707 3102 2279 1809 1401 2066 1612 2056 1481 967 447 787 505 120 101 -9999 -9999 -9999 -9999 -9999 -9999 -9999 -9999 -9999 -9999 -9999 -9999 -9999 -9999 -9999 -9999 -9999 -9999 -9999 -9999 -9999 -9999 -9999 -9999 -9999 -9999 -9999 -9999 -9999 -9999
433 426 2053 1892 1798 2209 1438 1359 746 3103 3018 2870 1797 1920 618 1715 1992 1349 1352 757 269 94 911 666 441 822 976 605 428 956 901 1100 3102 2597 2374 2409 3202 2343 1836 618 1439 1466 1366 1019 601 721 731 462 273 -9999 -9999 -9999 -9999 -9999 -9999 -9999 -9999 -9999 -9999 -9999 -9999 -9999 -9999 -9999 -9999 -9999 -9999 -9999 -9999 -9999 -9999 -9999 -9999 -9999 -9999 -9999 -9999 -9999 -9999
520 827 445 1738 1368 1982 1224 762 434 796 1324 3408 2125 1618 797 480 725 583 684 1290 222 715 60 216 174 232 212 313 95 274 944 765 932 1707 1954 2048 2243 2107 571 891 2193 1751 1063 1176 929 1019 557 400 60 -9999 -9999 -9999 -9999 -9999 -9999 -9999 -9999 -9999 -9999 -9999 -9999 -9999 -9999 -9999 -9999 -9999 -9999 -9999 -9999 -9999 -9999 -9999 -9999 -9999 -9999 -9999 -9999 -9999 -9999
639 894 250 1399 648 1229 924 589 691 124 1746 1749 1558 2296 796 448 637 354 990 2731 693 36 34 33 67 111 69 66 152 305 344 526 1455 2362 1754 1780 2471 1762 2298 2000 946 541 660 836 1181 79 312 332 262 276 -9999 -9999 -9999 -9999 -9999 -9999 -9999 -9999 -9999 -9999 -9999 -9999 -9999 -9999 -9999 -9999 -9999 -9999 -9999 -9999 -9999 -9999 -9999 -9999 -9999 -9999 -9999 -9999 -9999
785 1455 268 68 417 847 926 806 300 95 86 2847 1327 2011 921 648 1481 39 369 463 384 -9999 -9999 41 76 46 243 189 105 160 193 1271 2788 3400 2267 3905 2318 2120 3263 1840 2078 2094 1960 918 962 1860 973 389 393 197 -9999 -9999 -9999 -9999 -9999 -9999 -9999 -9999 -9999 -9999 -9999 -9999 -9999 -9999 -9999 -9999 -9999 -9999 -9999 -9999 -9999 -9999 -9999 -9999 -9999 -9999 -9999 -9999 -9999
414 825 889 70 41 455 838 731 481 89 486 565 410 1177 399 904 692 267 485 -9999 83 -9999 95 57 35 129 205 496 628 374 770 1343 2950 5645 2316 4659 2800 3615 4030 2433 3172 2215 1585 2160 2024 1372 310 553 880 455 -9999 -9999 -9999 -9999 -9999 -9999 -9999 -9999 -9999 -9999 -9999 -9999 -9999 -9999 -9999 -9999 -9999 -9999 -9999 -9999 -9999 -9999 -9999 -9999 -9999 -9999 -9999 -9999 -9999
