src/data/model/data/constants/thames_tio2_2015/dem.grd
ncols         180
nrows         290
xllcorner     -200000
yllcorner     -200000
cellsize      5000
NODATA_value  -9999
[rows 210 to 244 of 290, columns 79 to 157 of 180]
792 441 612 307 -9999 -9999 -9999 -9999 39 46 37 139 115 313 59 474 1664 3268 3995 4961 4688 3726 2908 2540 1612 2970 2650 532 162 2639 1718 2069 120 62 345 400 919 1716 1503 1424 1163 968 872 808 782 785 789 1118 751 692 585 529 614 622 1037 1736 1527 1209 1761 1652 1361 1181 828 644 816 982 745 362 205 599 265 459 887 597 552 555 144 41 35
330 -9999 -9999 -9999 -9999 -9999 -9999 -9999 253 696 647 605 937 487 51 45 919 1646 3389 3441 3694 1115 1245 3384 2421 2291 805 300 716 1498 684 570 184 81 430 340 2127 1916 1221 1231 914 905 892 811 1177 1022 1010 730 676 611 590 513 678 630 1335 2199 1542 1656 626 1114 978 740 1103 759 840 1120 580 185 190 202 520 797 601 726 660 301 103 687 130
-9999 -9999 -9999 -9999 -9999 -9999 -9999 -9999 211 383 892 680 581 671 -9999 108 91 2079 1048 1807 1561 1680 1957 2640 978 391 240 38 91 96 71 142 53 650 548 904 1878 1191 993 852 963 1071 1193 993 1064 903 936 1249 1414 1032 1173 588 546 930 2046 1437 1342 1113 273 998 879 441 399 420 511 398 979 311 135 117 161 231 194 93 694 238 255 448 151
-9999 -9999 -9999 -9999 -9999 -9999 -9999 -9999 -9999 -9999 276 345 -9999 -9999 -9999 -9999 86 370 1120 960 482 477 805 855 695 138 65 60 57 44 -9999 48 94 546 636 923 1718 1185 1086 871 584 672 1253 992 1134 1803 1802 1693 2049 2260 1294 1148 808 996 1503 968 1060 913 502 524 402 568 509 367 244 333 319 183 89 53 41 59 127 75 99 67 39 40 37
-9999 -9999 -9999 -9999 -9999 -9999 -9999 -9999 -9999 -9999 -9999 -9999 -9999 -9999 -9999 -9999 84 82 208 256 717 940 484 606 80 102 50 -9999 -9999 728 175 79 418 744 574 906 1668 1097 1180 898 559 1153 1135 1791 1630 2502 1917 1803 1879 1733 1548 950 1448 421 920 927 331 435 262 217 191 193 271 301 71 58 76 62 37 537 620 48 63 54 93 57 63 349 61
-9999 -9999 -9999 -9999 -9999 -9999 -9999 -9999 -9999 -9999 -9999 -9999 -9999 -9999 -9999 -9999 -9999 -9999 651 940 894 482 795 611 221 100 -9999 -9999 72 85 636 1106 404 442 508 1857 1822 1517 1064 670 864 889 1667 2524 1873 2029 1462 1670 1540 1030 1082 1023 705 556 720 570 369 462 656 683 570 160 145 191 61 317 342 401 213 523 401 325 673 325 422 217 355 101 44
-9999 -9999 -9999 -9999 -9999 -9999 -9999 -9999 -9999 -9999 -9999 -9999 -9999 -9999 -9999 -9999 -9999 -9999 -9999 576 439 220 654 76 227 -9999 -9999 110 44 69 330 1265 957 826 357 1239 615 1325 1048 436 1109 1600 1937 1754 1999 1628 1437 1226 914 846 737 784 1008 751 459 491 596 586 867 700 583 473 114 214 114 166 208 490 534 609 536 890 986 1019 775 482 678 48 421
-9999 -9999 -9999 -9999 -9999 -9999 -9999 -9999 -9999 -9999 -9999 -9999 -9999 -9999 -9999 -9999 -9999 -9999 -9999 -9999 -9999 -9999 -9999 -9999 -9999 -9999 -9999 866 51 68 286 1417 522 985 1053 1089 885 1050 462 433 734 1282 1284 1415 1483 1652 1612 1424 1865 1147 1234 883 1054 1010 569 626 487 648 857 581 313 283 400 275 539 451 814 681 1210 1220 1138 541 1718 1816 1359 551 1437 734 600
-9999 -9999 -9999 -9999 -9999 -9999 -9999 -9999 -9999 -9999 -9999 -9999 -9999 -9999 -9999 -9999 -9999 -9999 -9999 -9999 -9999 -9999 -9999 -9999 -9999 -9999 170 54 595 555 2927 2287 621 890 1193 1220 1360 559 424 510 583 1193 1136 1118 2040 2068 2515 1611 1700 2329 1308 1158 1030 773 727 596 591 706 605 677 378 208 441 522 592 1375 1223 1493 1660 1865 1334 640 995 1066 544 291 601 1348 1439
-9999 -9999 -9999 -9999 -9999 -9999 -9999 -9999 -9999 -9999 -9999 -9999 -9999 -9999 -9999 1600 1593 -9999 -9999 -9999 -9999 -9999 -9999 -9999 -9999 -9999 87 46 65 58 1294 2734 2217 1786 1263 1755 890 786 553 1900 1514 1861 1583 1217 1371 1367 1510 1700 1756 1238 1190 1184 1174 998 802 786 745 934 739 670 462 452 831 1230 881 1124 1029 1191 1215 1531 2260 1988 800 683 911 1009 977 1086 1017
-9999 -9999 -9999 957 -9999 -9999 -9999 -9999 -9999 407 1097 776 1159 2909 3028 3292 2755 4053 61 2225 612 47 -9999 -9999 217 91 42 65 59 262 70 868 1681 2350 2042 1174 1086 1016 1282 1896 1381 1231 1095 1019 1079 1270 1024 857 758 1083 863 1261 1624 1969 1288 1100 1207 1163 829 1148 588 424 876 1383 690 519 662 711 681 568 616 440 246 183 133 170 153 377 426
-9999 -9999 -9999 1093 -9999 -9999 -9999 -9999 -9999 631 1447 2026 2513 1707 3354 4499 4113 4154 3949 2175 1189 239 440 1831 666 341 46 72 53 67 77 85 327 1638 1687 1296 882 2265 1643 919 1161 1348 914 919 1000 888 1023 886 1004 574 775 1098 1449 1458 1728 2010 950 845 646 512 897 465 2233 1238 999 775 547 627 560 1013 1124 297 1045 598 828 202 290 215 214
-9999 -9999 -9999 -9999 -9999 -9999 -9999 -9999 -9999 400 350 1325 1184 740 2723 4463 4097 3749 3590 3567 2668 1555 955 1218 2227 573 300 64 96 705 73 152 1013 1206 1208 1153 2283 1433 2053 1576 1286 689 1014 651 996 1046 869 1159 723 871 869 977 1160 1828 2105 1037 813 945 1848 834 504 618 606 836 850 735 684 1046 1330 937 506 416 1370 929 792 789 707 501 504
-9999 -9999 -9999 -9999 -9999 -9999 -9999 -9999 -9999 43 210 95 183 1408 1930 2678 4245 3597 2578 2015 2549 3649 2196 1290 1254 1938 1088 53 77 81 700 475 259 488 628 1134 1655 1090 1924 1479 1126 791 1018 582 1267 1296 1170 479 543 833 577 462 585 1308 1712 1809 880 877 1195 1193 668 288 300 251 467 1277 1191 1139 1500 1942 1218 1121 1423 1197 755 998 412 924 345
-9999 -9999 -9999 -9999 -9999 871 1249 838 745 414 186 1128 50 1418 791 1276 1564 2297 2497 1973 2222 2955 1390 950 439 416 305 68 41 198 468 138 217 478 1563 784 1308 817 1258 994 1373 1565 1252 656 402 543 464 366 1095 800 319 1526 795 900 1753 2297 599 728 793 649 359 221 240 601 848 1024 545 567 636 770 1011 994 1079 855 681 546 291 244 57
-9999 -9999 -9999 -9999 -9999 1105 1860 1940 1815 654 837 1856 1048 854 554 769 1669 1914 2452 2058 1569 1831 1040 674 399 627 711 635 117 87 141 173 217 1186 1032 611 1168 1734 1981 1382 1311 2072 1142 986 357 582 444 617 298 458 311 1011 1161 742 1071 742 508 355 297 593 513 403 234 126 135 147 438 598 503 147 562 593 1007 1218 1047 219 752 650 204
-9999 -9999 -9999 -9999 686 1310 1858 1561 1657 1140 1331 911 1563 1735 1408 1979 2142 1802 2561 1926 1834 1897 1038 1606 2669 2489 1126 600 216 364 564 838 460 1093 767 889 866 505 1464 1785 1093 1156 1010 843 651 826 432 134 514 558 99 489 788 745 1184 1352 1483 2246 644 491 174 49 136 199 219 108 246 558 362 322 211 716 816 786 717 788 145 78 56
-9999 -9999 -9999 -9999 747 1289 1512 1642 1793 1459 1637 1086 1314 1303 800 1465 1760 1924 2160 1840 873 677 929 2313 2344 2164 2265 888 663 781 324 968 530 879 781 779 766 408 1143 845 755 616 476 603 533 742 650 240 109 83 492 113 481 345 593 685 567 1516 1187 1338 1844 92 1900 708 116 278 1991 1740 1974 128 105 238 235 437 80 441 730 1541 337
-9999 -9999 -9999 -9999 283 626 1246 1406 1400 1150 1148 1073 803 1233 1190 1060 1686 1173 1191 711 1159 505 1145 2471 1840 2350 2247 1282 1061 1378 691 866 871 866 946 875 1033 1411 424 784 614 496 487 430 536 702 376 416 96 93 194 426 325 655 449 147 195 290 302 310 233 42 763 426 604 543 983 1131 1942 60 232 194 285 50 52 166 221 326 -9999
-9999 -9999 -9999 -9999 516 193 1033 1103 1434 1588 1366 1253 982 1348 1994 1452 1202 723 904 607 612 807 909 1240 983 2045 1033 441 1810 1726 975 2308 1596 1800 2133 1566 1216 1555 615 281 420 390 152 267 374 652 318 370 197 163 54 104 79 44 33 46 43 44 71 52 73 39 61 79 62 45 110 524 711 591 691 278 908 70 40 -9999 -9999 -9999 -9999
-9999 -9999 -9999 942 985 833 1277 1169 1463 1791 2267 1863 2299 1913 2065 1425 900 616 492 358 162 391 897 1225 1303 1673 367 1366 1371 524 316 1142 1070 1891 1745 980 1077 638 473 769 521 255 104 52 152 542 229 241 136 103 212 319 45 42 44 44 44 76 48 46 37 -9999 -9999 -9999 -9999 -9999 -9999 -9999 -9999 164 245 825 1221 174 -9999 -9999 -9999 -9999 -9999
-9999 -9999 893 1793 1547 1137 1517 949 1251 1088 1722 1707 3339 3872 2678 2004 1819 1671 703 321 93 593 666 1529 1954 1498 755 1513 712 192 377 1208 1707 1234 629 891 421 639 310 147 172 325 451 333 42 317 89 41 323 146 274 215 196 295 -9999 -9999 -9999 57 52 -9999 -9999 -9999 -9999 -9999 -9999 -9999 -9999 -9999 -9999 -9999 -9999 -9999 -9999 -9999 -9999 -9999 -9999 -9999 -9999
-9999 722 2268 2462 2718 2045 982 920 864 841 1368 2358 4666 5146 2778 1821 3245 1136 1522 285 181 1049 426 80 1330 917 754 55 -9999 -9999 199 192 1564 1395 796 710 348 166 191 67 91 209 257 -9999 -9999 -9999 -9999 270 558 478 574 621 1197 66 123 -9999 -9999 -9999 -9999 -9999 -9999 -9999 -9999 -9999 -9999 -9999 -9999 -9999 -9999 -9999 -9999 -9999 -9999 -9999 -9999 -9999 -9999 -9999 -9999
587 1197 1291 2618 2598 2011 1594 1217 513 1219 1575 3442 4813 5129 4113 3194 1662 2408 1000 833 38 388 379 -9999 -9999 -9999 -9999 -9999 -9999 -9999 -9999 -9999 338 586 86 1030 1146 1395 379 1078 600 791 366 -9999 -9999 -9999 868 1147 440 289 1087 289 304 75 -9999 -9999 -9999 -9999 -9999 -9999 -9999 -9999 -9999 -9999 -9999 -9999 -9999 -9999 -9999 -9999 -9999 -9999 -9999 -9999 -9999 -9999 -9999 -9999 -9999
694 438 1410 2458 3005 2948 1921 1334 1176 1603 2179 2869 4507 3797 3481 2737 3092 197 1129 2018 314 -9999 -9999 -9999 -9999 -9999 -9999 -9999 -9999 -9999 -9999 -9999 -9999 166 135 -9999 -9999 416 726 905 1057 924 -9999 -9999 -9999 -9999 -9999 -9999 -9999 186 879 917 1315 -9999 -9999 -9999 -9999 -9999 -9999 -9999 -9999 -9999 -9999 -9999 -9999 -9999 -9999 -9999 -9999 -9999 -9999 -9999 -9999 -9999 -9999 -9999 -9999 -9999 -9999
862 508 1456 2524 2545 2808 2042 1414 1900 96 639 2065 3630 3733 2722 1342 2201 673 70 791 522 -9999 -9999 -9999 -9999 -9999 -9999 -9999 -9999 -9999 -9999 -9999 -9999 -9999 710 563 -9999 -9999 -9999 -9999 -9999 -9999 -9999 -9999 -9999 -9999 -9999 -9999 -9999 -9999 -9999 -9999 -9999 -9999 -9999 -9999 -9999 -9999 -9999 -9999 -9999 -9999 -9999 -9999 -9999 -9999 -9999 -9999 -9999 -9999 -9999 -9999 -9999 -9999 -9999 -9999 -9999 -9999 -9999
1305 83 1398 1633 1726 1967 1585 1448 1854 688 123 1645 2735 4565 4523 635 1070 742 271 649 -9999 -9999 -9999 -9999 -9999 -9999 -9999 -9999 -9999 -9999 -9999 -9999 -9999 -9999 342 -9999 -9999 -9999 -9999 -9999 -9999 -9999 -9999 -9999 -9999 -9999 -9999 -9999 -9999 -9999 -9999 -9999 -9999 -9999 -9999 -9999 -9999 -9999 -9999 -9999 -9999 -9999 -9999 -9999 -9999 -9999 -9999 -9999 -9999 -9999 -9999 -9999 -9999 -9999 -9999 -9999 -9999 -9999 -9999
1915 1407 1427 1226 1658 1380 1000 400 297 378 306 805 2532 3236 2741 1936 577 183 1365 531 119 -9999 -9999 -9999 -9999 -9999 -9999 -9999 -9999 -9999 -9999 -9999 -9999 -9999 -9999 -9999 -9999 -9999 -9999 -9999 -9999 -9999 -9999 -9999 -9999 -9999 -9999 -9999 -9999 -9999 -9999 -9999 -9999 -9999 -9999 -9999 -9999 -9999 -9999 -9999 -9999 -9999 -9999 -9999 -9999 -9999 -9999 -9999 -9999 -9999 -9999 -9999 -9999 -9999 -9999 -9999 -9999 -9999 -9999
2323 1727 1611 732 888 1130 1658 957 439 385 813 624 1306 1798 1502 872 872 785 666 487 -9999 -9999 -9999 -9999 -9999 -9999 -9999 -9999 -9999 -9999 -9999 -9999 -9999 -9999 -9999 -9999 -9999 -9999 -9999 -9999 -9999 -9999 -9999 -9999 -9999 -9999 -9999 -9999 -9999 -9999 -9999 -9999 -9999 -9999 -9999 -9999 -9999 -9999 -9999 -9999 -9999 -9999 -9999 -9999 -9999 -9999 -9999 -9999 -9999 -9999 -9999 -9999 -9999 -9999 -9999 -9999 -9999 -9999 -9999
923 619 414 621 1352 1033 703 893 625 85 353 763 540 378 851 1371 1522 1260 1004 999 -9999 -9999 -9999 -9999 -9999 -9999 -9999 -9999 -9999 -9999 -9999 -9999 -9999 -9999 -9999 -9999 -9999 -9999 -9999 -9999 -9999 -9999 -9999 -9999 -9999 -9999 -9999 -9999 -9999 -9999 -9999 -9999 -9999 -9999 -9999 -9999 -9999 -9999 -9999 -9999 -9999 -9999 -9999 -9999 -9999 -9999 -9999 -9999 -9999 -9999 -9999 -9999 -9999 -9999 -9999 -9999 -9999 -9999 -9999
690 145 559 251 -9999 -9999 -9999 -9999 -9999 811 515 718 964 687 914 1040 1109 697 902 -9999 -9999 -9999 -9999 -9999 -9999 -9999 -9999 -9999 -9999 -9999 -9999 -9999 -9999 -9999 -9999 -9999 -9999 -9999 -9999 -9999 -9999 -9999 -9999 -9999 -9999 -9999 -9999 -9999 -9999 -9999 -9999 -9999 -9999 -9999 -9999 -9999 -9999 -9999 -9999 -9999 -9999 -9999 -9999 -9999 -9999 -9999 -9999 -9999 -9999 -9999 -9999 -9999 -9999 -9999 -9999 -9999 -9999 -9999 -9999
400 625 -9999 -9999 -9999 -9999 -9999 -9999 -9999 -9999 -9999 -9999 -9999 199 58 94 110 524 -9999 -9999 -9999 -9999 -9999 -9999 -9999 -9999 -9999 -9999 -9999 -9999 -9999 -9999 -9999 -9999 -9999 -9999 -9999 -9999 -9999 -9999 -9999 -9999 -9999 -9999 -9999 -9999 -9999 -9999 -9999 -9999 -9999 -9999 -9999 -9999 -9999 -9999 -9999 -9999 -9999 -9999 -9999 -9999 -9999 -9999 -9999 -9999 -9999 -9999 -9999 -9999 -9999 -9999 -9999 -9999 -9999 -9999 -9999 -9999 -9999
691 -9999 -9999 -9999 -9999 -9999 -9999 -9999 -9999 -9999 -9999 -9999 -9999 -9999 806 867 1336 744 -9999 -9999 -9999 -9999 -9999 -9999 -9999 -9999 -9999 -9999 -9999 -9999 -9999 -9999 -9999 -9999 -9999 -9999 -9999 -9999 -9999 -9999 -9999 -9999 -9999 -9999 -9999 -9999 -9999 -9999 -9999 -9999 -9999 -9999 -9999 -9999 -9999 -9999 -9999 -9999 -9999 -9999 -9999 -9999 -9999 -9999 -9999 -9999 -9999 -9999 -9999 -9999 -9999 -9999 -9999 -9999 -9999 -9999 -9999 -9999 -9999
-9999 -9999 -9999 -9999 -9999 -9999 -9999 -9999 -9999 -9999 -9999 -9999 -9999 -9999 -9999 -9999 -9999 -9999 -9999 -9999 -9999 -9999 -9999 -9999 -9999 -9999 -9999 -9999 -9999 -9999 -9999 -9999 -9999 -9999 -9999 -9999 -9999 -9999 -9999 -9999 -9999 -9999 -9999 -9999 -9999 -9999 -9999 -9999 -9999 -9999 -9999 -9999 -9999 -9999 -9999 -9999 -9999 -9999 -9999 -9999 -9999 -9999 -9999 -9999 -9999 -9999 -9999 -9999 -9999 -9999 -9999 -9999 -9999 -9999 -9999 -9999 -9999 -9999 -9999
-9999 -9999 -9999 -9999 -9999 -9999 -9999 -9999 -9999 -9999 -9999 -9999 -9999 -9999 -9999 -9999 -9999 -9999 -9999 -9999 -9999 -9999 -9999 -9999 -9999 -9999 -9999 -9999 -9999 -9999 -9999 -9999 -9999 -9999 -9999 -9999 -9999 -9999 -9999 -9999 -9999 -9999 -9999 -9999 -9999 -9999 -9999 -9999 -9999 -9999 -9999 -9999 -9999 -9999 -9999 -9999 -9999 -9999 -9999 -9999 -9999 -9999 -9999 -9999 -9999 -9999 -9999 -9999 -9999 -9999 -9999 -9999 -9999 -9999 -9999 -9999 -9999 -9999 -9999
